591.8586351204373 537.1988160206051 
687.0576684430971 531.7163463294775 
792.5755469360838 476.9247999571562 
857.9168019333933 705.3186534568347 
709.8563816684594 328.6574528881603 
677.9553569764566 359.818675971863 
452.9993289420162 387.9505687030719 
827.389484484206 361.99814427270337 
690.7749821979789 650.9341581260098 
450.47976040015897 317.9317027854018 
497.3000427708935 584.3867959340497 
501.8740393132773 629.8567930669278 
402.50075785292705 432.16451662488606 
704.8043048208867 612.531539074422 
710.295911563205 363.7822019763138 
549.5674713994391 414.70477828579044 
514.7725412102297 394.12094778881124 
660.9970191103603 327.0993904819597 
752.5124391614588 533.508449040333 
796.2057845003253 464.15829146241344 
727.8520705409546 645.8816041059242 
743.2725487052523 528.2741149992286 
721.8905746546466 586.1029884506237 
757.0286851166886 447.15960518596114 
644.5734690404637 472.27857622936676 
784.0030085222231 358.104009427316 
465.9452659694921 437.1306312801921 
692.7547887353143 471.86452517855645 
616.5368242494217 462.9479046619014 
662.5662138233771 590.6937556117292 
657.2149826655989 611.9829923811393 
654.5695076065819 387.96902028939604 
872.6545338552844 354.3381979890307 
514.4845693023846 554.9253928337312 
685.5571105168433 489.36145939549385 
513.2299876168487 417.25570084776575 
620.5678000320449 637.3429372403564 
413.94067367770697 489.4984680279149 
490.67799851427384 404.1818987254606 
746.497135208914 474.1551076967439 
771.6913627641765 440.1606494226204 
772.4345443713164 569.4741295729382 
621.3564693313012 403.790479459942 
454.85737387785775 466.67397852973886 
801.5641050321302 571.2816019358083 
410.19966176021444 400.2759929996522 
420.4253346025084 645.049188162095 
527.6724002457211 386.82429737644924 
580.0005767300097 370.0430828019106 
577.9417391960933 676.8028050467808 
596.2340883567657 547.5008525760541 
689.0394881253148 503.24353899979457 
788.9534462873801 470.6672688886023 
859.6663076238281 743.4693447818629 
708.7919689228244 323.4002127708919 
704.2437499247407 329.47640965456094 
437.9558141513045 392.02271461496434 
854.0559510925193 346.36814761348825 
694.1783179558183 655.0391436980781 
473.95367354372604 335.9763467489313 
502.62470139933055 570.7325644403379 
499.92186437818515 661.8288196165591 
408.31370121939796 427.27152698244765 
711.6808249130847 581.384925339429 
717.9629637887646 363.8149260234908 
564.6543418177581 435.2994126125996 
510.1597927620286 396.5092432944392 
666.766476893207 334.7435235426666 
778.0514544238683 533.4593246270526 
814.6371580100785 457.6809916822615 
717.7414022411551 642.7000646842172 
727.4674598954622 564.3361216369653 
711.0618076238251 575.1021481771031 
729.6406929493199 473.8149990403448 
663.3775993418888 469.8021710073954 
812.4825553935249 354.0502740867896 
480.9628099960048 469.921704028822 
687.9303564327088 466.20834870231863 
601.2538120300402 457.6252136481563 
666.4603704212839 584.76475484937 
654.1449999810905 612.8537256726828 
657.32803547001 402.7673872068824 
874.9748637435027 327.9221698051853 
547.834909976947 551.396397209358 
684.7011045368253 471.46824333802044 
482.72185418459 401.63161616380586 
608.2416588239366 626.4678541495304 
417.9732005572909 490.570868330747 
473.55996867899927 381.19802581877934 
748.1830513254816 497.63961029426764 
769.3596919759601 431.41881992543813 
798.1646303097511 583.5080771453618 
614.6976484350121 393.0439177746547 
444.9299967405709 479.26917423859965 
794.172659585353 570.0501156283211 
419.87983563826594 434.6146935623858 
425.6106928415135 633.1019457851642 
544.6883317303823 421.9947238815706 
578.776339324601 372.43653333707755 
588.9336733999477 687.312366690425 