656.2480310717448 569.2365133475114 
746.053060381112 564.7149483300385 
851.7981910637794 513.2097136917716 
927.1907233755966 743.30801802479 
767.6139892654663 369.94959909762764 
739.4236931597352 400.03043457799697 
523.2478338938358 426.5542330307645 
885.5752218064644 402.24409738646807 
752.6443625825325 680.9341595517902 
520.4382608124125 360.11463290865663 
565.1716736924512 613.6874907269681 
570.1408580999515 657.4536033361026 
475.6012180059927 468.41741424662007 
765.1551455437716 643.5458389877138 
768.8185130359775 403.6502629767384 
613.8011291379569 451.97670981372073 
582.8026335548204 432.5608252069759 
720.0007141140914 368.4951117290643 
810.7421900996087 567.4004904012445 
853.4790845460975 500.72758574731006 
789.849588902805 676.9871425882277 
803.3764776032037 562.30663774915 
782.771589276935 618.1631101902099 
816.5519383399092 484.07105643312104 
704.9040659464706 507.2443981836055 
841.6793279962869 398.3342526176024 
536.8933167861296 473.3667917264463 
752.3736796153253 507.2302486748725 
679.2743529227396 498.28884734689586 
724.8004656282424 621.5915193851797 
721.183451921019 642.2768820097899 
714.9661294602238 426.72120191921874 
930.8189130405034 394.9080892783073 
582.138597685497 585.6517360724893 
744.1164828937815 523.8818691884637 
581.0299376920418 454.5073244934987 
684.0350094734318 666.204056464207 
487.77269067602225 522.9740984182748 
558.5928220157125 441.9615844899066 
806.5888432233269 510.0323568039528 
831.0744065932242 477.44811380983776 
831.0909516522836 602.8820221144804 
683.6217804759658 441.81822220116476 
526.3627247197619 501.3934950903412 
860.9380441026572 605.424181195162 
485.15702055572774 438.427465822359 
494.3963277791919 671.5357982550686 
595.7848599993025 425.70908936534875 
644.066806365028 409.63252037158935 
645.009718516995 704.0704560496254 
660.6755310178739 579.1714798174675 
747.6677773064721 537.2774935607611 
848.3456354409901 507.1138551019825 
931.9506798470268 783.4791323574507 
766.7311381612022 364.93406782794716 
764.7370504222217 370.9961402218387 
508.970564704959 430.3970000990241 
912.5193252223024 387.19149903054483 
756.2548814527304 685.0741113502321 
542.5326681156131 377.2088223051879 
570.3164723111147 600.6544031497333 
568.4514406963171 688.3120048090582 
480.92864903378575 463.7727405796125 
771.349992970147 613.2777533813883 
776.4220555047906 403.7010686709898 
628.0707336472212 471.6017011852751 
578.6540668390749 434.84662875382725 
725.4165830588022 375.77298564559084 
836.1696595112312 567.8080986700515 
871.700883884378 494.6571670097377 
779.5592078127896 673.5526021135593 
788.3845645082916 597.0902038252191 
772.1504122169395 607.2561145466531 
790.0908957601051 509.5476049144961 
723.0665737041976 504.9854064308441 
870.0296192490266 394.47688245275987 
551.0960354602956 504.5491736634775 
747.4944954987916 501.7504384431068 
664.5169640545455 493.1326913661109 
728.3076110483812 615.8854345175668 
718.4861141174335 643.0910270086919 
717.8132845534669 440.8777645545671 
933.159429522687 369.26109401682095 
613.7809708018536 582.4856828422323 
743.0567814288627 506.6698857739825 
552.2839012744248 439.64870662958174 
672.1894588740148 655.4538469187382 
491.7684404587861 524.0212703789142 
542.4086189645482 420.1354236467901 
808.3089854942889 532.7304587164806 
828.4404425283293 468.97418406447645 
857.302634021032 617.3422365935876 
677.4289082565397 431.5795740157356 
516.8355775829145 513.320365624485 
853.2816725925518 604.0049881614893 
494.34294667237685 470.9953927211549 
499.08452226676457 660.0714508326396 
611.9352549621211 459.1569330794355 
643.0934606137674 411.92821149455796 
655.9477839343776 714.5610709296416 