785.5428814428348 660.2512501042268 
881.695303528466 655.2764680205521 
1002.8185397408411 599.797324320761 
1098.1257017387738 855.4885251611411 
905.0747686632228 446.761083978831 
878.0538659454731 479.089668746241 
638.4338735399937 509.19046703990773 
1039.3325667590748 480.3602924525709 
892.3898724790947 780.965510315573 
634.7206832982888 438.57680698467027 
683.9346998336609 708.138501004938 
690.1252330680047 754.9536828564419 
586.2897525759327 553.9819497658475 
904.9065877549938 740.423968048714 
907.609903521691 482.7205264395538 
736.1224686304856 535.5532277524889 
705.2274266576092 515.1136433396132 
852.0970202799356 445.69144475919296 
954.4865477941157 658.2451381054852 
1001.8312870001917 586.3984031690643 
935.1259131852835 777.1051118269022 
948.9525622152694 652.6436945690759 
926.1137098079535 712.9588737926632 
963.4957631645934 568.4526187692182 
836.4317381391832 593.8301629646112 
989.2949494504751 476.4412915687477 
655.4319771439775 558.8291365998599 
890.1638775515976 593.5531688578704 
810.1924011715262 584.3770417696178 
861.5412357599084 716.3960076598337 
859.7352822919329 738.6567039999188 
848.3082437710322 507.80287893465214 
1089.2988292786881 472.30315100556027 
703.6111608082178 678.1082556725355 
879.0597584305444 611.472165807543 
702.8098577122072 538.4677752190205 
815.8474979022674 764.466808815443 
601.6186214538649 611.8627596620452 
676.6693314919123 525.3133709094674 
952.9018439680387 596.3451436339157 
979.7903654819811 561.3023733069838 
977.8008177808938 696.8359392936513 
814.6594216572612 524.1459881967223 
643.8015314749437 588.6895352523094 
1012.4207926341394 699.9311058496462 
600.2043548387574 522.0512372552764 
609.2831982515943 770.1414408809126 
720.5474560347193 507.712704169327 
771.2258150995833 490.2148273049494 
775.4726790570497 805.1986462876632 
790.7228345014803 670.8567602980702 
883.1782619424605 625.8199365947812 
999.2155242121569 593.2112855847257 
1106.7293529835276 901.9563532144821 
904.3124277280124 441.41465875112067 
905.7104261835825 447.88129660833124 
622.70708103376 513.3735982827532 
1069.6122854280504 464.0591114209901 
896.7804528387815 785.5179552261175 
658.7602008262647 456.59042345191517 
689.7593640100421 694.1937476706132 
688.3573870775692 788.0963037476047 
591.8924532303542 549.016698445884 
911.3037608810268 707.6595500162604 
916.227650868117 482.70660544265456 
751.60297408975 556.3374495167209 
701.0195537995149 517.5740472215107 
857.8529351977742 453.399007557588 
983.1008250761197 658.8111998417636 
1021.9829465891135 579.8809954261394 
923.1807216522584 773.2113813396791 
932.7810885345427 690.1547084278251 
914.3856524792361 701.0798396086778 
934.6060952161617 595.8521715484837 
856.5090332954103 591.3177207256691 
1020.9775523498156 472.1173461267414 
670.9255416962839 591.8816823056422 
884.4926145111638 587.7139534488192 
793.8052175018734 578.9783319009297 
865.0642045017514 710.2606827612854 
857.1615682649679 739.511798025054 
851.7169870610469 522.8738272079399 
1091.7722719449068 444.68081074752774 
738.199447082696 674.5974235359052 
877.617406742001 593.04695188624 
671.5877053294565 522.8873967748618 
802.9080010467603 752.8114494782299 
606.2749159532405 612.9496729855582 
658.9919957421437 502.2308209160868 
954.7974423597543 620.7605777191882 
976.3777956124138 552.2192453121777 
1007.8084419439142 712.916682970864 
808.1388321474525 513.2860839991753 
633.1405021793915 601.4308160973587 
1003.4515210276732 698.2894072588228 
610.3134111271731 556.5847148941255 
614.1271746056336 757.8686437892522 
738.1933054316448 543.1537785627447 
770.4462124066024 492.66408084046066 
788.0094481982089 816.6327120564374 