656.2480310717448 569.2365133475114 
746.053060381112 564.7149483300385 
851.7981910637794 513.2097136917716 
927.1907233755966 743.30801802479 
767.6139892654663 369.94959909762764 
739.4236931597352 400.03043457799697 
523.2478338938358 426.5542330307645 
885.5752218064644 402.24409738646807 
752.6443625825325 680.9341595517902 
520.4382608124125 360.11463290865663 
565.1716736924512 613.6874907269681 
570.1408580999515 657.4536033361026 
475.6012180059927 468.41741424662007 
765.1551455437716 643.5458389877138 
768.8185130359775 403.6502629767384 
613.8011291379569 451.97670981372073 
582.8026335548204 432.5608252069759 
720.0007141140914 368.4951117290643 
810.7421900996087 567.4004904012445 
853.4790845460975 500.72758574731006 
789.849588902805 676.9871425882277 
803.3764776032037 562.30663774915 
782.771589276935 618.1631101902099 
816.5519383399092 484.07105643312104 
704.9040659464706 507.2443981836055 
841.6793279962869 398.3342526176024 
536.8933167861296 473.3667917264463 
752.3736796153253 507.2302486748725 
679.2743529227396 498.28884734689586 
724.8004656282424 621.5915193851797 
721.183451921019 642.2768820097899 
714.9661294602238 426.72120191921874 
930.8189130405034 394.9080892783073 
582.138597685497 585.6517360724893 
744.1164828937815 523.8818691884637 
581.0299376920418 454.5073244934987 
684.0350094734318 666.204056464207 
487.77269067602225 522.9740984182748 
558.5928220157125 441.9615844899066 
806.5888432233269 510.0323568039528 
831.0744065932242 477.44811380983776 
831.0909516522836 602.8820221144804 
683.6217804759658 441.81822220116476 
526.3627247197619 501.3934950903412 
860.9380441026572 605.424181195162 
485.15702055572774 438.427465822359 
494.3963277791919 671.5357982550686 
595.7848599993025 425.70908936534875 
644.066806365028 409.63252037158935 
645.009718516995 704.0704560496254 
