596.2340883567657 547.5008525760541 
689.0394881253148 503.24353899979457 
788.9534462873801 470.6672688886023 
859.6663076238281 743.4693447818629 
708.7919689228244 323.4002127708919 
704.2437499247407 329.47640965456094 
437.9558141513045 392.02271461496434 
854.0559510925193 346.36814761348825 
694.1783179558183 655.0391436980781 
473.95367354372604 335.9763467489313 
502.62470139933055 570.7325644403379 
499.92186437818515 661.8288196165591 
408.31370121939796 427.27152698244765 
711.6808249130847 581.384925339429 
717.9629637887646 363.8149260234908 
564.6543418177581 435.2994126125996 
510.1597927620286 396.5092432944392 
666.766476893207 334.7435235426666 
778.0514544238683 533.4593246270526 
814.6371580100785 457.6809916822615 
717.7414022411551 642.7000646842172 
727.4674598954622 564.3361216369653 
711.0618076238251 575.1021481771031 
729.6406929493199 473.8149990403448 
663.3775993418888 469.8021710073954 
812.4825553935249 354.0502740867896 
480.9628099960048 469.921704028822 
687.9303564327088 466.20834870231863 
601.2538120300402 457.6252136481563 
666.4603704212839 584.76475484937 
654.1449999810905 612.8537256726828 
657.32803547001 402.7673872068824 
874.9748637435027 327.9221698051853 
547.834909976947 551.396397209358 
684.7011045368253 471.46824333802044 
482.72185418459 401.63161616380586 
608.2416588239366 626.4678541495304 
417.9732005572909 490.570868330747 
473.55996867899927 381.19802581877934 
748.1830513254816 497.63961029426764 
769.3596919759601 431.41881992543813 
798.1646303097511 583.5080771453618 
614.6976484350121 393.0439177746547 
444.9299967405709 479.26917423859965 
794.172659585353 570.0501156283211 
419.87983563826594 434.6146935623858 
425.6106928415135 633.1019457851642 
544.6883317303823 421.9947238815706 
578.776339324601 372.43653333707755 
588.9336733999477 687.312366690425 
