591.8586351204373 537.1988160206051 
687.0576684430971 531.7163463294775 
792.5755469360838 476.9247999571562 
857.9168019333933 705.3186534568347 
709.8563816684594 328.6574528881603 
677.9553569764566 359.818675971863 
452.9993289420162 387.9505687030719 
827.389484484206 361.99814427270337 
690.7749821979789 650.9341581260098 
450.47976040015897 317.9317027854018 
497.3000427708935 584.3867959340497 
501.8740393132773 629.8567930669278 
402.50075785292705 432.16451662488606 
704.8043048208867 612.531539074422 
710.295911563205 363.7822019763138 
549.5674713994391 414.70477828579044 
514.7725412102297 394.12094778881124 
660.9970191103603 327.0993904819597 
752.5124391614588 533.508449040333 
796.2057845003253 464.15829146241344 
727.8520705409546 645.8816041059242 
743.2725487052523 528.2741149992286 
721.8905746546466 586.1029884506237 
757.0286851166886 447.15960518596114 
644.5734690404637 472.27857622936676 
784.0030085222231 358.104009427316 
465.9452659694921 437.1306312801921 
692.7547887353143 471.86452517855645 
616.5368242494217 462.9479046619014 
662.5662138233771 590.6937556117292 
657.2149826655989 611.9829923811393 
654.5695076065819 387.96902028939604 
872.6545338552844 354.3381979890307 
514.4845693023846 554.9253928337312 
685.5571105168433 489.36145939549385 
513.2299876168487 417.25570084776575 
620.5678000320449 637.3429372403564 
413.94067367770697 489.4984680279149 
490.67799851427384 404.1818987254606 
746.497135208914 474.1551076967439 
771.6913627641765 440.1606494226204 
772.4345443713164 569.4741295729382 
621.3564693313012 403.790479459942 
454.85737387785775 466.67397852973886 
801.5641050321302 571.2816019358083 
410.19966176021444 400.2759929996522 
420.4253346025084 645.049188162095 
527.6724002457211 386.82429737644924 
580.0005767300097 370.0430828019106 
577.9417391960933 676.8028050467808 
