785.5428814428348 660.2512501042268 
881.695303528466 655.2764680205521 
1002.8185397408411 599.797324320761 
1098.1257017387738 855.4885251611411 
905.0747686632228 446.761083978831 
878.0538659454731 479.089668746241 
638.4338735399937 509.19046703990773 
1039.3325667590748 480.3602924525709 
892.3898724790947 780.965510315573 
634.7206832982888 438.57680698467027 
683.9346998336609 708.138501004938 
690.1252330680047 754.9536828564419 
586.2897525759327 553.9819497658475 
904.9065877549938 740.423968048714 
907.609903521691 482.7205264395538 
736.1224686304856 535.5532277524889 
705.2274266576092 515.1136433396132 
852.0970202799356 445.69144475919296 
954.4865477941157 658.2451381054852 
1001.8312870001917 586.3984031690643 
935.1259131852835 777.1051118269022 
948.9525622152694 652.6436945690759 
926.1137098079535 712.9588737926632 
963.4957631645934 568.4526187692182 
836.4317381391832 593.8301629646112 
989.2949494504751 476.4412915687477 
655.4319771439775 558.8291365998599 
890.1638775515976 593.5531688578704 
810.1924011715262 584.3770417696178 
861.5412357599084 716.3960076598337 
859.7352822919329 738.6567039999188 
848.3082437710322 507.80287893465214 
1089.2988292786881 472.30315100556027 
703.6111608082178 678.1082556725355 
879.0597584305444 611.472165807543 
702.8098577122072 538.4677752190205 
815.8474979022674 764.466808815443 
601.6186214538649 611.8627596620452 
676.6693314919123 525.3133709094674 
952.9018439680387 596.3451436339157 
979.7903654819811 561.3023733069838 
977.8008177808938 696.8359392936513 
814.6594216572612 524.1459881967223 
643.8015314749437 588.6895352523094 
1012.4207926341394 699.9311058496462 
600.2043548387574 522.0512372552764 
609.2831982515943 770.1414408809126 
720.5474560347193 507.712704169327 
771.2258150995833 490.2148273049494 
775.4726790570497 805.1986462876632 
