790.7228345014803 670.8567602980702 
883.1782619424605 625.8199365947812 
999.2155242121569 593.2112855847257 
1106.7293529835276 901.9563532144821 
904.3124277280124 441.41465875112067 
905.7104261835825 447.88129660833124 
622.70708103376 513.3735982827532 
1069.6122854280504 464.0591114209901 
896.7804528387815 785.5179552261175 
658.7602008262647 456.59042345191517 
689.7593640100421 694.1937476706132 
688.3573870775692 788.0963037476047 
591.8924532303542 549.016698445884 
911.3037608810268 707.6595500162604 
916.227650868117 482.70660544265456 
751.60297408975 556.3374495167209 
701.0195537995149 517.5740472215107 
857.8529351977742 453.399007557588 
983.1008250761197 658.8111998417636 
1021.9829465891135 579.8809954261394 
923.1807216522584 773.2113813396791 
932.7810885345427 690.1547084278251 
914.3856524792361 701.0798396086778 
934.6060952161617 595.8521715484837 
856.5090332954103 591.3177207256691 
1020.9775523498156 472.1173461267414 
670.9255416962839 591.8816823056422 
884.4926145111638 587.7139534488192 
793.8052175018734 578.9783319009297 
865.0642045017514 710.2606827612854 
857.1615682649679 739.511798025054 
851.7169870610469 522.8738272079399 
1091.7722719449068 444.68081074752774 
738.199447082696 674.5974235359052 
877.617406742001 593.04695188624 
671.5877053294565 522.8873967748618 
802.9080010467603 752.8114494782299 
606.2749159532405 612.9496729855582 
658.9919957421437 502.2308209160868 
954.7974423597543 620.7605777191882 
976.3777956124138 552.2192453121777 
1007.8084419439142 712.916682970864 
808.1388321474525 513.2860839991753 
633.1405021793915 601.4308160973587 
1003.4515210276732 698.2894072588228 
610.3134111271731 556.5847148941255 
614.1271746056336 757.8686437892522 
738.1933054316448 543.1537785627447 
770.4462124066024 492.66408084046066 
788.0094481982089 816.6327120564374 
