660.6755310178739 579.1714798174675 
747.6677773064721 537.2774935607611 
848.3456354409901 507.1138551019825 
931.9506798470268 783.4791323574507 
766.7311381612022 364.93406782794716 
764.7370504222217 370.9961402218387 
508.970564704959 430.3970000990241 
912.5193252223024 387.19149903054483 
756.2548814527304 685.0741113502321 
542.5326681156131 377.2088223051879 
570.3164723111147 600.6544031497333 
568.4514406963171 688.3120048090582 
480.92864903378575 463.7727405796125 
771.349992970147 613.2777533813883 
776.4220555047906 403.7010686709898 
628.0707336472212 471.6017011852751 
578.6540668390749 434.84662875382725 
725.4165830588022 375.77298564559084 
836.1696595112312 567.8080986700515 
871.700883884378 494.6571670097377 
779.5592078127896 673.5526021135593 
788.3845645082916 597.0902038252191 
772.1504122169395 607.2561145466531 
790.0908957601051 509.5476049144961 
723.0665737041976 504.9854064308441 
870.0296192490266 394.47688245275987 
551.0960354602956 504.5491736634775 
747.4944954987916 501.7504384431068 
664.5169640545455 493.1326913661109 
728.3076110483812 615.8854345175668 
718.4861141174335 643.0910270086919 
717.8132845534669 440.8777645545671 
933.159429522687 369.26109401682095 
613.7809708018536 582.4856828422323 
743.0567814288627 506.6698857739825 
552.2839012744248 439.64870662958174 
672.1894588740148 655.4538469187382 
491.7684404587861 524.0212703789142 
542.4086189645482 420.1354236467901 
808.3089854942889 532.7304587164806 
828.4404425283293 468.97418406447645 
857.302634021032 617.3422365935876 
677.4289082565397 431.5795740157356 
516.8355775829145 513.320365624485 
853.2816725925518 604.0049881614893 
494.34294667237685 470.9953927211549 
499.08452226676457 660.0714508326396 
611.9352549621211 459.1569330794355 
643.0934606137674 411.92821149455796 
655.9477839343776 714.5610709296416 
