309 349 2362 1 
539 417 2851 1 
529 240 2072 1 
620 526 2011 1 
529 73 2636 1 
370 93 2043 1 
134 169 2792 1 
559 97 2022 1 
475 535 2441 1 
137 62 2951 1 
207 481 2757 1 
203 523 2591 1 
54 243 2842 1 
526 509 2600 1 
490 117 2436 1 
311 227 2980 1 
201 154 2397 1 
487 76 2855 1 
604 390 2619 1 
642 270 2494 1 
492 490 2255 1 
483 313 2151 1 
479 406 2255 1 
471 198 2033 1 
450 307 2781 1 
542 99 2186 1 
132 210 2372 1 
468 271 2444 1 
350 253 2419 1 
403 417 2301 1 
349 393 2025 1 
423 156 2533 1 
651 93 2121 1 
215 398 2532 1 
543 351 2899 1 
206 192 2480 1 
373 518 2482 1 
62 285 2408 1 
198 198 2834 1 
454 228 2014 1 
482 187 2000 1 
645 452 2637 1 
359 172 2442 1 
118 252 2391 1 
651 428 2467 1 
52 150 2225 1 
68 472 2245 1 
202 133 2211 1 
305 127 2498 1 
264 490 2111 1 
