309.0 355.95865504800327 2312.4865965629215 1.0 
544.609066104575 371.31782250693107 2870.5365564244635 1.0 
512.3486132538874 226.9905108738578 2026.6846106481676 1.0 
620.0 570.9397023149584 1989.0814426605461 1.0 
517.6392255215218 63.80022622259899 2588.184762201848 1.0 
399.1747852965533 56.97214059476568 2024.2696703292045 1.0 
111.52461737844705 178.0806440147871 2835.73098535697 1.0 
583.4536900183451 77.19779227044397 1983.1427019271514 1.0 
470.8442653827898 530.5435202293373 2391.372692417934 1.0 
176.71302505803206 91.92591087431381 2945.7735768366174 1.0 
212.10339189600424 452.0572263218068 2716.5491502812524 1.0 
199.74383607455093 569.5653135749922 2573.081602522735 1.0 
64.56924229024699 239.15311040760255 2890.7185032392617 1.0 
537.6839303452264 462.13831494260535 2612.940952255126 1.0 
491.3866915712601 114.78082959738228 2386.0685232622714 1.0 
339.92662726328433 264.02439451320896 2997.1010071662836 1.0 
190.60441545911203 154.0 2348.0926199633095 1.0 
504.8874697915026 89.97522304267412 2899.5503262094185 1.0 
638.5426479611159 386.36942140199545 2583.0330099830676 1.0 
680.4791415191153 264.59210933227206 2525.466019552492 1.0 
487.5270627550608 495.33063903110474 2304.5134034370785 1.0 
462.6910387678788 358.61467376713927 2148.383202187853 1.0 
455.0094400333557 383.62844090621394 2217.2645209888615 1.0 
433.32107842879384 227.4379998458573 2018.3814147638632 1.0 
474.49151586416593 299.0422241051318 2738.1416349648944 1.0 
572.1103897477013 92.5998390846843 2146.599462319664 1.0 
152.09669258669115 253.09749633151233 2356.5491502812524 1.0 
469.8482649620995 268.0421577623354 2493.8782025129913 1.0 
334.02067247599837 249.89393337607171 2466.275928779966 1.0 
416.77347224936534 417.48098024952105 2349.063084796916 1.0 
337.0251560192056 384.61512397576263 1977.1847622018481 1.0 
419.7475123855655 174.4457738762741 2486.640807271661 1.0 
643.0467792019194 58.55081599025923 2085.6446609406726 1.0 
264.35544399854064 392.81253380233545 2525.9065328297424 1.0 
548.5088205111814 325.08303715538335 2941.4024048078213 1.0 
161.5581961461362 169.3557699150168 2476.5121763127936 1.0 
348.4401177820223 493.4401177820223 2446.0330099830676 1.0 
66.23287797493639 280.6167265423769 2358.372692417934 1.0 
170.95461201087718 162.10955792031973 2855.918557339454 1.0 
465.3079321824276 260.84061964822666 2049.9669900169324 1.0 
490.41020456003986 180.88962871790642 2048.9073800366905 1.0 
686.7421675164409 474.19470416648505 2620.721592277142 1.0 
342.779952241798 153.98581196861372 2398.26901464303 1.0 
106.26321093035273 274.0736898214732 2434.301270189222 1.0 
651.6369407592789 434.06008651952874 2516.627307582066 1.0 
63.813366412916224 191.19810465878916 2199.2480962544973 1.0 
76.30228296205182 465.7437810488464 2293.9073800366905 1.0 
223.26748251260747 176.6048010963196 2198.9039052200164 1.0 
297.2211249663634 127.81759271163764 2448.615582970243 1.0 
272.25746154564564 492.6830118970661 2061.7596123493895 1.0 
