742.5718839471853 625.421955136326 804.67711345734 657.2512878183966 952.4325541523883 755.6974443125936 
857.1552605636218 494.1302495067063 916.967833535268 531.0754644340277 1076.230995286164 619.5611136540468 
661.4511592001288 353.47853936529344 721.9984595795052 393.83224152283526 856.6369398024495 472.66660336961894 
750.8700256846244 643.4604853873641 812.8238669488501 675.2913965425607 961.1611171628317 775.6164145510552 
777.802337059853 568.0067604768631 838.925629654153 601.745996782166 990.427456033294 695.5797827457718 
478.6736769356237 610.1704491362045 547.7104831080027 638.2967358611797 665.0177910165319 734.4962112163656 
572.7858634809487 544.3591698400976 636.3837092667069 575.8278871084188 761.2474011827846 667.4392801287458 
474.8577275369448 538.1124600436706 545.6740926724141 569.4781900940759 665.3880354593024 661.0041800685613 
535.7740271854269 464.8481143724365 603.7831282938089 499.94070928634807 729.6804999419924 586.6023257300469 
436.4963037707406 507.3864777261951 507.6591273262118 539.9118651084634 621.241457355631 629.7821728587207 
637.4755720905854 591.0796416243018 698.9096931037523 621.4900484005324 830.4729236557943 716.3128725529164 
529.1089779333776 537.6611967093788 595.8051128840325 569.2144866359284 718.3032491070154 660.5121504638724 
414.9116454463373 494.6270981890094 487.72766727971253 527.7584322768942 600.1202632577969 616.9626280579471 
506.797241896473 566.6084262499922 576.935911861454 596.9526706466509 701.012197910829 690.1219392614994 
487.9269174579649 632.4451138565558 559.2851626694485 660.0107284207562 681.8161190494134 757.621485966755 
808.5502624850957 646.821301035646 870.6491961617708 680.7227269456025 1026.1670214367607 782.9211289767212 
472.15683138960446 343.5983414073535 543.4825739680466 384.70375821952445 663.7448939075762 464.5472956520032 
721.662857258249 410.23680612707716 778.8851735825854 448.10581895607834 917.2429178211789 530.1789685305355 
547.7692062465591 607.6639111107675 613.0086381578949 636.456954504911 736.0238597673019 732.4066046145422 
645.3605320402668 395.4697789260716 705.9224053056691 433.8520466206173 838.0819067639932 515.4864206824425 
606.7012571577229 562.1667485296894 670.174493028228 593.3147239287669 800.2997169755847 686.0074566259709 
681.5908432003471 418.4323133300293 740.0420369228632 455.81907187733515 874.4222520002957 538.6859050629544 
690.4754764792813 705.6555052871483 755.1918951225573 735.2371941322997 898.7943200853103 840.4959559816627 
492.3918964322265 441.21007309536355 561.7179996635347 477.27132813505 682.2935567683776 562.8076308136821 
444.13869875180296 487.6563847266225 517.3006712562701 521.399414423579 635.4515836596954 609.9945203568237 
487.7146193012627 371.4740850946639 557.5687602832076 411.08612449367706 678.2146026009419 492.4817477811878 
884.9264221714845 592.1978980551701 949.9356727596441 629.3915008949784 1119.0140799203716 728.2514147023772 
470.5326314113125 367.8864204037159 542.4712986897847 407.7918300204315 663.421018604482 489.0912572129797 
799.315776754536 328.2528763596986 855.0445509356502 369.4167071391422 1001.3768702007799 445.3823072869242 
596.6000218366746 558.3671858495861 658.8872413914887 589.4449651410448 785.4981680308198 681.9541236799856 
603.3517085234068 578.7900552146307 668.5454059505868 609.3985568344076 800.7938280202741 703.1948418864697 
513.9298401142914 418.658761414806 580.6477058213865 455.7444246189576 700.8330635290422 539.8034902469244 
498.67360598833767 349.73353864507885 565.992318291756 390.2618023401738 684.5269596900711 470.28589442846237 
618.0304477435288 583.953274551631 679.7621147013465 614.32799835779 808.7822728246942 708.615095426459 
808.5462011310295 542.0011145923008 867.1047967685088 576.8150345471258 1018.4292616343675 668.8372087877692 
886.2558285849045 403.84517648711517 945.85525606584 443.2706094543155 1108.0239630451806 524.5060718459048 
766.9772409936456 524.2400818041195 825.3169243553357 558.6564769605872 971.2529554192904 648.8405510303597 
519.0328158743597 475.1510982634495 585.1418154306939 509.4553782625568 705.1524260980407 596.9249419235198 
762.2831299674779 470.522013187555 820.0922143162513 506.5224952659988 964.885291639438 592.628996784089 
388.4004384092682 563.4848964480054 462.4306679662437 593.1548510271527 571.8921274333434 686.6535093735605 
776.2725455803673 395.4136947206827 833.2383700443152 434.15210723407597 978.7274834300347 514.892591983765 
696.6370348120149 482.02356866085415 755.0828652229266 516.9358115146009 891.532572803297 603.9816606878032 
757.4680378281708 386.62271741422336 816.0248448109443 425.74613380388786 961.5574451587904 505.9593010146158 
457.28407869485727 384.2186455126741 526.7168914248334 422.9613411933496 641.3660276134544 505.35090687696004 
803.3863471009515 511.0857754978237 862.0384073048813 546.5266503491459 1013.2186144085101 635.8893290952018 
527.7458921494588 663.1944213012529 597.6939227323089 690.1655099253653 724.5869932725212 789.9956117416194 
745.5889690994462 548.6455210093507 803.2905848753006 581.945344556512 945.0958113168697 673.9699594022495 
602.8944599557931 626.101534104331 666.8090162417338 655.0048479089116 796.6197278654279 752.3261789369787 
586.8954402699777 403.4466890244176 651.8397889087312 441.5445195256606 781.5115325408121 524.0937107643008 
541.4698801228297 389.2204984419386 606.3081130532335 427.7513834363942 728.2377504831618 509.83316483585315 
