734.3633782081865 618.7164246510365 796.1435013302469 650.4159826347988 942.331663160056 748.1314777883889 
877.3572019044232 501.53399456812645 938.2665304586077 538.8590848157817 1101.226390864192 628.3075733000192 
669.5206686169319 357.23090060205703 729.9343072483065 397.4293448070422 865.6065565999606 476.42488266552925 
739.9269675585772 645.1668307441819 802.1385222276408 676.6558179370166 949.4232863396139 776.9226382932357 
772.4132309666265 600.0897863539399 834.1452512586062 633.127214784105 985.5632933650193 729.7403922407956 
480.030434644646 624.8933479441794 549.1698867170658 652.46702339393 666.816182783602 749.654609749656 
556.9303027938704 569.1911296309377 621.4218062807574 599.530659568859 744.9660711076997 692.8370101025723 
462.29718093793105 550.4334676639212 534.0260185329506 581.1937445098579 652.9679927163571 673.5385150183131 
572.1591530085561 476.83912395162304 638.3625193045518 511.49068255850284 767.4836293253043 598.6705326833907 
417.8534714363703 530.7768850900887 490.13819645617934 562.1088357106548 602.1492404653721 653.4855299370004 
654.6311528310397 587.8258692009584 715.5651331710857 618.5862190359235 849.0102689704202 713.2067436616177 
513.1046330149634 536.7134320440798 580.4929946993157 568.2105473275744 701.3651258820586 659.5190143479267 
422.33353675440577 480.2766478223432 494.57954666118883 514.133150792055 607.4097972339182 602.443046751407 
508.33525579104776 569.4623309942511 578.1419277577481 599.6728854223909 701.9431589552192 693.0305624791711 
477.04155372049246 643.731094252504 548.7540482118206 670.7711760834914 669.9263709105513 769.1867073184262 
801.0190611359586 639.7472249022805 862.4912383522797 673.3136708912577 1016.2548018929413 774.512184395109 
471.9776797405998 337.92251139717405 543.0822263819341 379.29729417237957 662.9619571118603 458.8037439361922 
710.7316227525537 389.0812215790488 768.0923416698143 427.7750044632727 905.1038819842138 508.52065001331664 
532.993868852562 596.9521994230686 599.0018702455835 626.0180330687831 720.8200242491612 721.2375230723133 
617.7409343749497 400.0137338503077 679.480964677274 438.14917517184534 809.1095244712021 520.285282307676 
623.9268789936455 581.639050814469 686.7452138360741 612.2608429267616 818.4646782440055 706.3310475571694 
675.0112982612955 398.0159594369801 733.720686002355 436.27045149345145 867.5342816641374 517.8575993573365 
673.3299545017073 673.0195696220826 737.4646216155829 702.3523531622774 878.0819827502073 804.1031574237647 
467.2375639351096 462.2378007759511 538.1049761294973 497.21207754037107 656.7123135271629 584.1668825622025 
467.65388382840706 460.7515636236802 539.3334934035055 495.87786934468966 659.3049923507541 582.725158297452 
509.68482949727263 388.38600117493246 578.1466514509143 427.1266528515416 700.3828621109961 509.3712920844091 
880.9049013972929 592.95329947546 945.4433896715194 629.9444728919897 1113.3648689665765 728.7250791912961 
475.28464013891653 406.3133824333513 547.0534944921696 444.25637541821925 668.5519867146181 527.8024987072961 
804.6813422092425 325.2531367253129 860.5071565157498 366.5333778836565 1007.6403694839787 442.24655228838185 
579.7060233348036 543.5055632050878 642.748173393081 575.0422323894179 767.8714819217397 666.5853139674233 
597.1676991995205 573.0965541476019 662.3502175901729 603.8346111148526 793.608873818647 697.2453939158352 
510.78817660363694 421.6268801592943 577.5398737159179 458.5481134706704 697.2356674400427 542.8106649838423 
527.8012546521918 343.2119835304037 593.4580917394885 384.042527902413 714.3637030414174 463.44209329892703 
590.1929244800298 585.7978700639835 653.1107748008274 615.799183282466 779.536007596093 710.2099337340987 
802.4889418819901 562.2401215133086 861.5943862728202 596.5490904490302 1012.861261028318 690.2600937643838 
883.3181663390208 402.1530728807073 942.548025191384 441.56437230980094 1103.8373800248226 522.6532187085227 
775.3683306948631 512.3632106652282 833.6091702311548 547.2544972043339 980.5778851062021 636.5480148175029 
537.15551109957 474.32872089135753 602.187687620915 508.7195818385457 723.579822235001 596.0357030447467 
739.641325754695 472.86723314774747 797.7516968424131 508.55443484955964 939.9129874804037 594.8466423461266 
415.55140080434967 578.5249256241444 488.01311613810094 607.6204504127265 599.7962732068639 701.954594007123 
762.0167921572513 389.20743442108983 819.0256747225606 428.11075633324697 962.6908040374215 508.5039294130878 
713.8098318611912 480.34029041058324 771.8601443750514 515.4669696179295 910.2054988434465 602.3523707755076 
743.129556594693 383.7881760077071 801.7844607678313 422.96742813651497 945.4936175442906 503.08575011702885 
478.63473730125025 393.67360460303235 546.8978719794529 431.94701787811186 663.4347923123566 514.7566273919393 
810.7810374357009 519.3174854157221 869.8318143745046 554.7241391933726 1022.48387417551 644.8275336518369 
523.6956015281539 640.9959195593575 593.4627676982412 668.6124594447083 719.5075630754832 766.8086799648943 
721.546133553073 554.4876027828577 779.6691371166878 587.2172143024536 918.7616072906494 679.5724314177942 
628.6054344871961 608.9184630089594 691.4553021066697 638.7139204114201 823.772353895967 734.8124966068301 
585.6990886128365 384.2909866223348 650.4749642042589 423.2865021416651 779.6920600072128 504.6756072700413 
565.952332509464 388.6258255852331 629.4124273086614 427.1873752289913 753.2776704236734 509.04415014436904 
