477.59512562846857 431.36180589749654 2104.0076152421802 1.0 
643.4328812751256 275.2406541838963 2152.275928779966 1.0 
408.91857916418905 99.91857916418903 2391.8097349045875 1.0 
519.3382156331323 482.74666993246404 2228.4024048078213 1.0 
501.22952198733026 344.85934421680594 2020.5264218607053 1.0 
174.51018126724378 514.390320011008 2711.815237798152 1.0 
343.7016146611162 436.4379942381888 2876.940952255126 1.0 
139.99233887549218 334.73681739733615 2278.3153893518324 1.0 
207.66648351128208 225.44588379244553 2149.7303296707955 1.0 
108.41436696613812 359.0122731165284 2787.7303296707955 1.0 
443.13450732151506 502.12024050615844 2776.301270189222 1.0 
240.58932915358542 379.2465788218229 2576.6846106481676 1.0 
70.28309905130212 323.8758975510292 2669.6846106481676 1.0 
166.1249306185897 338.46952711147253 2063.7037086855466 1.0 
143.168416076895 415.16136355893497 2042.698729810778 1.0 
651.5903295737756 530.7704780126697 2400.0076152421802 1.0 
130.3287998086527 78.47677201394676 2210.372692417934 1.0 
581.4471647927935 209.4259728881481 2786.0330099830676 1.0 
296.47932752400163 531.7567017185393 2811.802951449525 1.0 
421.0591704006789 171.6977170379482 2607.9092488423976 1.0 
344.92946974040535 400.60329276614425 2460.081442660546 1.0 
522.5049382202956 225.89044207968027 2842.0907511576024 1.0 
406.5304540377035 525.6121682542855 2070.7595189876834 1.0 
170.0419710083671 217.81397526928504 2393.6995249869774 1.0 
93.38137821521029 253.61862178478972 2160.0 1.0 
158.69451500302182 119.65607093999203 2332.6107373853765 1.0 
644.2547478276736 380.25474782767355 2002.936915203084 1.0 
122.34322286325683 103.69372513893435 2106.6995249869774 1.0 
673.789955170347 72.83601918124519 2614.5134034370785 1.0 
399.67589711130773 478.3219139543794 2982.130913087035 1.0 
293.4466497014817 366.024222455463 2119.030458649045 1.0 
233.05811946978847 218.38230847585797 2791.7596123493895 1.0 
214.10006879417753 112.39400124301028 2880.1273796781356 1.0 
429.80214864070246 513.1307002619118 2913.3577871373827 1.0 
674.9519526100083 392.7426068431001 2522.400537680336 1.0 
642.8362848351669 149.62926813544087 2028.2814967607383 1.0 
597.9541428623246 358.38425408760753 2494.1473796429464 1.0 
253.39925071818476 322.9728266883384 2918.0330099830676 1.0 
579.3040454963085 273.95185225159264 2460.0664716027286 1.0 
30.66373206449984 442.95769760568567 2745.5404497688273 1.0 
595.3184118714832 164.27389814843363 2446.7037086855466 1.0 
541.2755968852076 326.13598426136934 2788.939702314958 1.0 
493.6348457390281 131.90755885803765 2135.7596123493895 1.0 
151.0122731165284 174.86404075671973 2992.802951449525 1.0 
610.4405974611356 316.97603960627544 2318.7260947684135 1.0 
185.19290595739295 437.05934997232 1963.0153689607046 1.0 
661.2470298078521 460.8304915108436 2918.6107373853765 1.0 
349.5020918492846 505.7456392322722 2511.33683215379 1.0 
279.1938824609157 154.5855652027368 2209.060297685042 1.0 
289.45645902104764 179.22248960007965 2910.3004750130226 1.0 
