477 432 2154 1 
659 280 2105 1 
412 103 2342 1 
494 475 2186 1 
502 389 2044 1 
174 529 2664 1 
316 476 2864 1 
121 344 2233 1 
252 239 2131 1 
78 394 2769 1 
465 490 2733 1 
220 384 2622 1 
83 307 2715 1 
172 350 2112 1 
133 438 2086 1 
652 530 2450 1 
133 73 2260 1 
569 177 2822 1 
268 507 2779 1 
382 180 2638 1 
375 434 2482 1 
505 190 2812 1 
386 487 2095 1 
134 244 2371 1 
124 223 2185 1 
191 144 2362 1 
654 390 2051 1 
127 148 2084 1 
670 67 2565 1 
366 448 2961 1 
292 367 2169 1 
232 227 2841 1 
263 102 2881 1 
380 514 2909 1 
656 417 2483 1 
654 151 2077 1 
600 335 2450 1 
288 326 2954 1 
553 281 2502 1 
74 466 2736 1 
584 158 2495 1 
562 319 2744 1 
485 131 2185 1 
186 189 2960 1 
609 322 2269 1 
184 420 2010 1 
623 474 2948 1 
385 477 2491 1 
283 133 2254 1 
334 180 2933 1 
